0 24.89
1 24.89
2 24.89
3 24.89
4 25.16
5 25.35
6 25.35
7 25.35
8 25.35
9 25.63
10 25.63
11 25.63
12 25.63
13 25.63
14 25.93
15 25.93
16 26.14
17 26.14
18 26.14
19 26.14
20 26.14
21 26.14
22 26.14
23 26.14
24 26.14
25 26.28
26 26.42
27 26.42
28 26.42
29 26.67
30 26.67
31 26.83
32 26.83
33 26.83
34 26.83
35 26.83
36 26.98
37 26.98
38 26.98
39 27.22
40 27.22
41 27.22
42 27.22
43 27.22
44 27.22
45 27.22
46 27.22
47 27.22
48 27.22
49 27.22
50 27.22
51 27.22
52 27.22
53 27.32
54 27.32
55 27.32
56 27.32
57 27.32
58 27.32
59 27.32
60 27.32
61 27.32
62 27.32
63 27.32
64 27.32
65 27.32
66 27.46
67 27.46
68 27.46
69 27.46
70 27.46
71 27.46
72 27.46
73 27.46
74 27.46
75 27.61
76 27.61
77 27.61
78 27.61
79 27.61
80 27.61
81 27.61
82 27.61
83 27.86
84 27.86
85 27.92
86 27.92
87 28.1
88 28.17
89 28.17
90 28.17
91 28.17
92 28.29
93 28.29
94 28.29
95 28.29
96 28.29
97 28.43
98 28.43
99 28.43
100 28.43
101 28.43
102 28.43
103 28.43
104 28.43
105 28.43
106 28.43
107 28.43
108 28.43
109 28.43
110 28.43
111 28.43
112 28.67
113 28.82
114 28.82
115 28.82
116 28.82
117 28.82
118 28.82
119 28.82
120 28.82
121 28.82
122 28.82
123 28.82
124 28.82
125 28.82
126 28.82
127 28.98
128 29.26
129 29.26
130 29.26
131 29.26
132 29.26
133 29.26
134 29.26
135 29.26
136 29.26
137 29.26
138 29.26
139 29.26
140 29.26
141 29.26
142 29.26
143 29.26
144 29.26
145 29.26
146 29.46
147 29.46
148 29.46
149 29.46
150 29.46
151 29.46
152 29.63
153 29.63
154 29.81
155 29.81
156 29.81
157 29.81
158 29.81
159 29.81
160 29.98
161 29.98
162 29.98
163 30.16
164 30.16
165 30.16
166 30.16
167 30.16
168 30.16
169 30.16
170 30.16
171 30.16
172 30.36
173 30.36
174 30.36
175 30.36
176 30.36
177 30.36
178 30.55
179 30.55
180 30.55
181 30.55
182 30.55
183 30.55
184 30.55
185 30.55
186 30.55
187 30.55
188 30.55
189 30.55
190 30.55
191 30.55
192 30.55
193 30.55
194 30.69
195 30.69
196 30.69
197 30.69
198 30.82
199 30.82
200 30.82
201 30.82
202 30.82
203 31.05
204 31.05
205 31.05
206 31.22
207 31.22
208 31.22
209 31.22
210 31.33
211 31.33
212 31.47
213 31.47
214 31.47
215 31.59
216 31.59
217 31.72
218 31.72
219 31.72
220 31.72
221 31.72
222 31.72
223 31.72
224 31.72
225 31.72
226 31.72
227 31.91
228 31.91
229 31.91
230 32.06
231 32.28
232 32.28
233 32.28
234 32.28
235 32.4
236 32.4
237 32.4
238 32.4
239 32.4
240 32.4
241 32.49
242 32.49
243 32.49
244 32.49
245 32.64
246 32.64
247 32.81
248 32.81
249 32.81
250 32.97
251 32.97
252 32.97
253 32.97
254 32.97
255 32.97
256 32.97
257 32.97
258 33.15
259 33.15
260 33.15
261 33.15
262 33.15
263 33.15
264 33.15
265 33.15
266 33.15
267 33.15
268 33.15
269 33.15
270 33.15
271 33.31
272 33.31
273 33.31
274 33.48
275 33.48
276 33.48
277 33.48
278 33.48
279 33.48
280 33.48
281 33.48
282 33.48
283 33.48
284 33.48
285 33.48
286 33.61
287 33.61
288 33.61
289 33.78
290 33.78
291 33.78
292 33.78
293 33.78
294 33.78
295 33.78
296 33.89
297 33.89
298 33.89
299 33.89
300 33.89
301 34.02
302 34.02
303 34.02
304 34.02
305 34.2
306 34.32
307 34.32
308 34.32
309 34.32
310 34.32
311 34.49
312 34.49
313 34.49
314 34.49
315 34.49
316 34.65
317 34.65
318 34.65
319 34.65
320 34.65
321 34.82
322 34.82
323 34.82
324 34.82
325 34.82
326 34.82
327 34.82
328 34.82
329 34.82
330 34.82
331 34.82
332 34.82
333 34.82
334 34.82
335 34.82
336 34.82
337 34.82
338 34.82
339 35.01
340 35.01
341 35.16
342 35.16
343 35.16
344 35.16
345 35.16
346 35.16
347 35.16
348 35.16
349 35.32
350 35.32
351 35.32
352 35.45
353 35.45
354 35.58
355 35.58
356 35.58
357 35.68
358 35.68
359 35.68
360 35.68
361 35.68
362 35.68
363 35.68
364 35.68
365 35.85
366 35.85
367 35.85
368 35.85
369 35.85
370 35.85
371 35.85
372 35.85
373 35.85
374 35.85
375 35.85
376 36.04
377 36.04
378 36.14
379 36.14
380 36.14
381 36.14
382 36.14
383 36.22
384 36.22
385 36.22
386 36.22
387 36.22
388 36.22
389 36.22
390 36.22
391 36.35
392 36.35
393 36.35
394 36.35
395 36.46
396 36.46
397 36.46
398 36.46
399 36.46
400 36.46
401 36.46
402 36.46
403 36.46
404 36.46
405 36.52
406 36.52
407 36.52
408 36.52
409 36.52
410 36.52
411 36.52
412 36.52
413 36.52
414 36.52
415 36.66
416 36.66
417 36.66
418 36.66
419 36.66
420 36.75
421 36.75
422 36.75
423 36.85
424 36.85
425 36.85
426 36.99
427 36.99
428 36.99
429 36.99
430 36.99
431 36.99
432 36.99
433 36.99
434 36.99
435 36.99
436 36.99
437 36.99
438 36.99
439 37.08
440 37.24
441 37.24
442 37.24
443 37.24
444 37.24
445 37.24
446 37.24
447 37.24
448 37.24
449 37.24
450 37.24
451 37.24
452 37.24
453 37.24
454 37.24
455 37.24
456 37.36
457 37.36
458 37.36
459 37.36
460 37.36
461 37.36
462 37.52
463 37.52
464 37.52
465 37.57
466 37.63
467 37.77
468 37.77
469 37.89
470 37.97
471 37.97
472 37.97
473 37.97
474 37.97
475 37.97
476 37.97
477 37.97
478 37.97
479 37.97
480 37.97
481 37.97
482 37.97
483 37.97
484 37.97
485 37.97
486 37.97
487 37.97
488 37.97
489 37.97
490 38.1
491 38.1
492 38.1
493 38.1
494 38.18
495 38.22
496 38.22
497 38.22
498 38.22
499 38.35
500 38.35
501 38.35
502 38.35
503 38.35
504 38.35
505 38.35
506 38.4
507 38.4
508 38.4
509 38.4
510 38.5
511 38.5
512 38.5
513 38.63
514 38.63
515 38.63
516 38.63
517 38.63
518 38.74
519 38.88
520 39.0
521 39.06
522 39.18
523 39.18
524 39.18
525 39.18
526 39.31
527 39.31
528 39.31
529 39.31
530 39.39
531 39.39
532 39.39
533 39.39
534 39.5
535 39.5
536 39.64
537 39.64
538 39.64
539 39.64
540 39.64
541 39.64
542 39.64
543 39.64
544 39.64
545 39.64
546 39.64
547 39.72
548 39.72
549 39.72
550 39.8
551 39.8
552 39.92
553 39.92
554 39.92
555 40.02
556 40.13
557 40.13
558 40.21
559 40.21
560 40.21
561 40.21
562 40.28
563 40.4
564 40.4
565 40.51
566 40.51
567 40.51
568 40.51
569 40.61
570 40.61
571 40.61
572 40.61
573 40.61
574 40.61
575 40.61
576 40.61
577 40.61
578 40.73
579 40.73
580 40.73
581 40.73
582 40.73
583 40.79
584 40.79
585 40.79
586 40.88
587 40.88
588 40.88
589 40.88
590 40.88
591 40.97
592 40.97
593 40.97
594 41.07
595 41.07
596 41.16
597 41.16
598 41.16
599 41.16
600 41.16
601 41.16
602 41.16
603 41.16
604 41.16
605 41.16
606 41.16
607 41.16
608 41.16
609 41.16
610 41.16
611 41.16
612 41.16
613 41.16
614 41.16
615 41.16
616 41.16
617 41.16
618 41.16
619 41.16
620 41.16
621 41.16
622 41.27
623 41.27
624 41.27
625 41.27
626 41.35
627 41.35
628 41.35
629 41.35
630 41.41
631 41.48
632 41.48
633 41.48
634 41.48
635 41.48
636 41.48
637 41.48
638 41.48
639 41.48
640 41.48
641 41.48
642 41.48
643 41.48
644 41.48
645 41.48
646 41.48
647 41.58
648 41.58
649 41.58
650 41.58
651 41.68
652 41.68
653 41.68
654 41.68
655 41.68
656 41.68
657 41.68
658 41.68
659 41.68
660 41.68
661 41.68
662 41.68
663 41.68
664 41.68
665 41.68
666 41.68
667 41.68
668 41.68
669 41.75
670 41.75
671 41.84
672 41.84
673 41.84
674 41.84
675 41.84
676 41.84
677 41.84
678 41.91
679 41.91
680 41.91
681 41.91
682 41.91
683 41.91
684 41.91
685 41.91
686 41.91
687 41.91
688 41.91
689 41.91
690 41.91
691 41.91
692 41.99
693 41.99
694 42.07
695 42.14
696 42.14
697 42.14
698 42.14
699 42.14
700 42.14
701 42.14
702 42.14
703 42.22
704 42.22
705 42.29
706 42.29
707 42.29
708 42.29
709 42.29
710 42.35
711 42.35
712 42.35
713 42.35
714 42.41
715 42.41
716 42.41
717 42.41
718 42.41
719 42.41
720 42.41
721 42.46
722 42.46
723 42.52
724 42.52
725 42.52
726 42.52
727 42.52
728 42.57
729 42.57
730 42.57
731 42.59
732 42.61
733 42.61
734 42.64
735 42.64
736 42.64
737 42.64
738 42.64
739 42.64
740 42.64
741 42.64
742 42.64
743 42.64
744 42.64
745 42.64
746 42.64
747 42.7
748 42.7
749 42.77
750 42.83
751 42.83
752 42.89
753 42.89
754 42.89
755 42.89
756 42.89
757 42.89
758 42.89
759 42.89
760 42.89
761 42.89
762 42.96
763 42.96
764 42.96
765 42.96
766 42.96
767 42.96
768 42.96
769 42.96
770 42.96
771 42.96
772 43.01
773 43.08
774 43.08
775 43.08
776 43.14
777 43.14
778 43.18
779 43.18
780 43.18
781 43.18
782 43.18
783 43.18
784 43.18
785 43.18
786 43.18
787 43.18
788 43.18
789 43.18
790 43.2
791 43.2
792 43.2
793 43.2
794 43.2
795 43.2
796 43.2
797 43.2
798 43.27
799 43.27
800 43.27
801 43.27
802 43.27
803 43.27
804 43.27
805 43.27
806 43.27
807 43.27
808 43.35
809 43.35
810 43.42
811 43.42
812 43.42
813 43.42
814 43.42
815 43.42
816 43.42
817 43.42
818 43.42
819 43.42
820 43.42
821 43.42
822 43.42
823 43.46
824 43.46
825 43.46
826 43.46
827 43.46
828 43.46
829 43.46
830 43.46
831 43.46
832 43.46
833 43.46
834 43.46
835 43.46
836 43.46
837 43.49
838 43.49
839 43.49
840 43.49
841 43.49
842 43.49
843 43.49
844 43.49
845 43.49
846 43.49
847 43.49
848 43.49
849 43.49
850 43.53
851 43.53
852 43.53
853 43.58
854 43.58
855 43.58
856 43.58
857 43.58
858 43.58
859 43.58
860 43.64
861 43.64
862 43.64
863 43.64
864 43.64
865 43.64
866 43.64
867 43.64
868 43.64
869 43.71
870 43.71
871 43.71
872 43.71
873 43.71
874 43.71
875 43.71
876 43.71
877 43.71
878 43.74
879 43.74
880 43.82
881 43.82
882 43.82
883 43.88
884 43.88
885 43.88
886 43.88
887 43.88
888 43.88
889 43.96
890 43.96
891 43.96
892 43.96
893 43.96
894 43.96
895 43.96
896 43.96
897 43.96
898 43.96
899 43.96
900 43.96
901 43.96
902 43.96
903 44.02
904 44.02
905 44.07
906 44.07
907 44.07
908 44.07
909 44.07
910 44.07
911 44.07
912 44.07
913 44.07
914 44.11
915 44.11
916 44.11
917 44.11
918 44.11
919 44.11
920 44.11
921 44.11
922 44.11
923 44.19
924 44.19
925 44.19
926 44.19
927 44.23
928 44.28
929 44.28
930 44.33
931 44.33
932 44.33
933 44.33
934 44.33
935 44.33
936 44.33
937 44.33
938 44.33
939 44.33
940 44.33
941 44.33
942 44.33
943 44.33
944 44.33
945 44.33
946 44.33
947 44.33
948 44.33
949 44.33
950 44.39
951 44.45
952 44.51
953 44.51
954 44.55
955 44.55
956 44.55
957 44.59
958 44.64
959 44.64
960 44.7
961 44.7
962 44.76
963 44.8
964 44.87
965 44.87
966 44.87
967 44.87
968 44.87
969 44.87
970 44.87
971 44.92
972 44.92
973 44.92
974 44.96
975 44.96
976 44.96
977 44.96
978 44.96
979 45.01
980 45.01
981 45.01
982 45.01
983 45.01
984 45.01
985 45.01
986 45.01
987 45.01
988 45.01
989 45.01
990 45.01
991 45.01
992 45.01
993 45.01
994 45.01
995 45.07
996 45.07
997 45.07
998 45.07
999 45.07
1000 45.14
1001 45.14
1002 45.18
1003 45.24
1004 45.24
1005 45.26
1006 45.26
1007 45.29
1008 45.29
1009 45.29
1010 45.29
1011 45.29
1012 45.29
1013 45.29
1014 45.29
1015 45.29
1016 45.29
1017 45.31
1018 45.31
1019 45.31
1020 45.31
1021 45.31
1022 45.31
1023 45.31
1024 45.31
1025 45.31
1026 45.31
1027 45.31
1028 45.31
1029 45.31
1030 45.31
1031 45.31
1032 45.35
1033 45.35
1034 45.35
1035 45.42
1036 45.42
1037 45.42
1038 45.46
1039 45.52
1040 45.52
1041 45.52
1042 45.52
1043 45.52
1044 45.6
1045 45.6
1046 45.6
1047 45.6
1048 45.6
1049 45.6
1050 45.66
1051 45.66
1052 45.66
1053 45.66
1054 45.74
1055 45.74
1056 45.74
1057 45.79
1058 45.79
1059 45.79
1060 45.79
1061 45.79
1062 45.79
1063 45.79
1064 45.79
1065 45.79
1066 45.79
1067 45.79
1068 45.85
1069 45.85
1070 45.92
1071 45.92
1072 45.92
1073 45.92
1074 45.92
1075 45.92
1076 45.99
1077 45.99
1078 45.99
1079 45.99
1080 45.99
1081 45.99
1082 46.03
1083 46.03
1084 46.03
1085 46.03
1086 46.11
1087 46.11
1088 46.11
1089 46.11
1090 46.11
1091 46.11
1092 46.17
1093 46.17
1094 46.22
1095 46.28
1096 46.28
1097 46.28
1098 46.28
1099 46.28
1100 46.28
1101 46.28
1102 46.28
1103 46.32
1104 46.32
1105 46.32
1106 46.32
1107 46.32
1108 46.32
1109 46.35
1110 46.41
1111 46.41
1112 46.41
1113 46.41
1114 46.41
1115 46.41
1116 46.41
1117 46.41
1118 46.41
1119 46.47
1120 46.47
1121 46.47
1122 46.47
1123 46.47
1124 46.47
1125 46.47
1126 46.47
1127 46.47
1128 46.47
1129 46.47
1130 46.47
1131 46.51
1132 46.51
1133 46.51
1134 46.56
1135 46.56
1136 46.56
1137 46.61
1138 46.68
1139 46.68
1140 46.68
1141 46.68
1142 46.68
1143 46.72
1144 46.72
1145 46.72
1146 46.72
1147 46.72
1148 46.72
1149 46.72
1150 46.72
1151 46.74
1152 46.74
1153 46.8
1154 46.8
1155 46.8
1156 46.8
1157 46.8
1158 46.86
1159 46.86
1160 46.86
1161 46.86
1162 46.86
1163 46.86
1164 46.86
1165 46.86
1166 46.86
1167 46.86
1168 46.86
1169 46.86
1170 46.86
1171 46.86
1172 46.86
1173 46.86
1174 46.86
1175 46.86
1176 46.93
1177 46.93
1178 46.93
1179 46.93
1180 46.93
1181 46.93
1182 46.93
1183 46.93
1184 46.98
1185 46.98
1186 46.98
1187 46.98
1188 46.98
1189 46.98
1190 46.99
1191 46.99
1192 46.99
1193 47.01
1194 47.01
1195 47.01
1196 47.01
1197 47.03
1198 47.03
1199 47.03
1200 47.03
1201 47.03
1202 47.03
1203 47.03
1204 47.07
1205 47.07
1206 47.07
1207 47.07
1208 47.1
1209 47.1
1210 47.14
1211 47.18
1212 47.18
1213 47.18
1214 47.18
1215 47.18
1216 47.22
1217 47.22
1218 47.22
1219 47.22
1220 47.22
1221 47.22
1222 47.22
1223 47.22
1224 47.22
1225 47.26
1226 47.26
1227 47.26
1228 47.26
1229 47.26
1230 47.26
1231 47.26
1232 47.26
1233 47.3
1234 47.3
1235 47.3
1236 47.3
1237 47.3
1238 47.3
1239 47.35
1240 47.35
1241 47.39
1242 47.39
1243 47.39
1244 47.43
1245 47.43
1246 47.43
1247 47.47
1248 47.47
1249 47.47
1250 47.47
1251 47.47
1252 47.47
1253 47.53
1254 47.53
1255 47.53
1256 47.53
1257 47.53
1258 47.53
1259 47.53
1260 47.58
1261 47.58
1262 47.58
1263 47.58
1264 47.58
1265 47.58
1266 47.58
1267 47.58
1268 47.64
1269 47.64
1270 47.64
1271 47.64
1272 47.64
1273 47.64
1274 47.64
1275 47.64
1276 47.64
1277 47.69
1278 47.69
1279 47.74
1280 47.78
1281 47.81
1282 47.84
1283 47.84
1284 47.85
1285 47.85
1286 47.85
1287 47.85
1288 47.85
1289 47.85
1290 47.88
1291 47.88
1292 47.88
1293 47.88
1294 47.88
1295 47.88
1296 47.88
1297 47.88
1298 47.88
1299 47.88
1300 47.92
1301 47.92
1302 47.92
1303 47.92
1304 47.92
1305 47.92
1306 47.92
1307 47.92
1308 47.92
1309 47.96
1310 47.96
1311 47.96
1312 47.99
1313 48.01
1314 48.01
1315 48.01
1316 48.01
1317 48.05
1318 48.05
1319 48.07
1320 48.07
1321 48.07
1322 48.07
1323 48.07
1324 48.11
1325 48.15
1326 48.15
1327 48.15
1328 48.15
1329 48.19
1330 48.19
1331 48.19
1332 48.19
1333 48.19
1334 48.19
1335 48.19
1336 48.19
1337 48.19
1338 48.19
1339 48.19
1340 48.22
1341 48.22
1342 48.22
1343 48.22
1344 48.22
1345 48.22
1346 48.22
1347 48.22
1348 48.22
1349 48.22
1350 48.26
1351 48.26
1352 48.26
1353 48.26
1354 48.26
1355 48.26
1356 48.3
1357 48.3
1358 48.3
1359 48.3
1360 48.3
1361 48.3
1362 48.34
1363 48.34
1364 48.34
1365 48.34
1366 48.34
1367 48.34
1368 48.34
1369 48.34
1370 48.36
1371 48.36
1372 48.36
1373 48.36
1374 48.38
1375 48.38
1376 48.38
1377 48.38
1378 48.39
1379 48.39
1380 48.39
1381 48.39
1382 48.39
1383 48.39
1384 48.39
1385 48.39
1386 48.39
1387 48.39
1388 48.39
1389 48.39
1390 48.39
1391 48.39
1392 48.39
1393 48.39
1394 48.39
1395 48.39
1396 48.39
1397 48.39
1398 48.39
1399 48.39
1400 48.39
1401 48.39
1402 48.41
1403 48.41
1404 48.41
1405 48.41
1406 48.43
1407 48.43
1408 48.43
1409 48.43
1410 48.43
1411 48.43
1412 48.45
1413 48.45
1414 48.45
1415 48.47
1416 48.47
1417 48.47
1418 48.47
1419 48.47
1420 48.47
1421 48.47
1422 48.47
1423 48.49
1424 48.49
1425 48.49
1426 48.49
1427 48.49
1428 48.51
1429 48.51
1430 48.51
1431 48.53
1432 48.53
1433 48.53
1434 48.53
1435 48.53
1436 48.53
1437 48.53
1438 48.53
1439 48.53
1440 48.53
1441 48.55
1442 48.55
1443 48.57
1444 48.57
1445 48.57
1446 48.57
1447 48.59
1448 48.59
1449 48.59
1450 48.59
1451 48.59
1452 48.59
1453 48.59
1454 48.59
1455 48.59
1456 48.59
1457 48.61
1458 48.61
1459 48.61
1460 48.61
1461 48.61
1462 48.61
1463 48.61
1464 48.61
1465 48.61
1466 48.61
1467 48.61
1468 48.61
1469 48.63
1470 48.63
1471 48.63
1472 48.63
1473 48.63
1474 48.63
1475 48.63
1476 48.65
1477 48.67
1478 48.67
1479 48.67
1480 48.69
1481 48.69
1482 48.69
1483 48.69
1484 48.69
1485 48.69
1486 48.69
1487 48.69
1488 48.69
1489 48.69
1490 48.69
1491 48.71
1492 48.71
1493 48.71
1494 48.71
1495 48.71
1496 48.71
1497 48.71
1498 48.73
1499 48.75
1500 48.77
1501 48.77
1502 48.79
1503 48.79
1504 48.79
1505 48.81
1506 48.81
1507 48.81
1508 48.81
1509 48.81
1510 48.81
1511 48.81
1512 48.81
1513 48.81
1514 48.81
1515 48.81
1516 48.81
1517 48.83
1518 48.85
1519 48.87
1520 48.89
1521 48.91
1522 48.91
1523 48.91
1524 48.91
1525 48.93
1526 48.93
1527 48.93
1528 48.93
1529 48.93
1530 48.93
1531 48.93
1532 48.95
1533 48.95
1534 48.95
1535 48.95
1536 48.95
1537 48.95
1538 48.95
1539 48.97
1540 48.97
1541 48.97
1542 48.97
1543 48.97
1544 48.97
1545 48.97
1546 48.97
1547 48.97
1548 48.97
1549 48.97
1550 48.97
1551 48.97
1552 48.97
1553 48.97
1554 48.97
1555 48.97
1556 48.97
1557 48.97
1558 48.97
1559 48.99
1560 48.99
1561 48.99
1562 48.99
1563 48.99
1564 48.99
1565 48.99
1566 48.99
1567 48.99
1568 48.99
1569 48.99
1570 49.0
1571 49.0
1572 49.0
1573 49.0
1574 49.0
1575 49.0
1576 49.0
1577 49.0
1578 49.0
1579 49.0
1580 49.0
1581 49.0
1582 49.0
1583 49.0
1584 49.0
1585 49.0
1586 49.0
1587 49.0
1588 49.0
1589 49.0
1590 49.0
1591 49.0
1592 49.0
1593 49.0
1594 49.0
1595 49.0
1596 49.0
1597 49.0
1598 49.0
1599 49.0
1600 49.0
1601 49.0
1602 49.0
1603 49.0
1604 49.0
1605 49.0
1606 49.0
1607 49.0
1608 49.0
1609 49.0
1610 49.0
1611 49.0
1612 49.0
1613 49.0
1614 49.0
1615 49.0
1616 49.0
1617 49.0
1618 49.0
1619 49.0
1620 49.0
1621 49.0
1622 49.0
1623 49.0
1624 49.0
1625 49.0
1626 49.0
1627 49.0
1628 49.0
1629 49.0
1630 49.0
1631 49.0
1632 49.0
1633 49.0
1634 49.0
1635 49.0
1636 49.0
1637 49.0
1638 49.0
1639 49.0
1640 49.0
1641 49.0
1642 49.0
1643 49.0
1644 49.0
1645 49.0
1646 49.0
1647 49.0
1648 49.0
1649 49.0
1650 49.0
1651 49.0
1652 49.0
1653 49.0
1654 49.0
1655 49.0
1656 49.0
1657 49.0
1658 49.0
1659 49.0
1660 49.0
1661 49.0
1662 49.0
1663 49.0
1664 49.0
1665 49.0
1666 49.0
1667 49.0
1668 49.0
1669 49.0
1670 49.0
1671 49.0
1672 49.0
1673 49.0
1674 49.0
1675 49.0
1676 49.0
1677 49.0
1678 49.0
1679 49.0
1680 49.0
1681 49.0
1682 49.0
1683 49.0
1684 49.0
1685 49.0
1686 49.0
1687 49.0
1688 49.0
1689 49.0
1690 49.0
1691 49.0
1692 49.0
1693 49.0
1694 49.0
1695 49.0
1696 49.0
1697 49.0
1698 49.0
1699 49.0
1700 49.0
1701 49.0
1702 49.0
1703 49.0
1704 49.0
1705 49.0
1706 49.0
1707 49.0
1708 49.0
1709 49.0
1710 49.0
1711 49.0
1712 49.0
1713 49.0
1714 49.0
1715 49.0
1716 49.0
1717 49.0
1718 49.0
1719 49.0
1720 49.0
1721 49.0
1722 49.0
1723 49.0
1724 49.0
1725 49.0
1726 49.0
1727 49.0
1728 49.0
1729 49.0
1730 49.0
1731 49.0
1732 49.0
1733 49.0
1734 49.0
1735 49.0
1736 49.0
1737 49.0
1738 49.0
1739 49.0
1740 49.0
1741 49.0
1742 49.0
1743 49.0
1744 49.0
1745 49.0
1746 49.0
1747 49.0
1748 49.0
1749 49.0
1750 49.0
1751 49.0
1752 49.0
1753 49.0
1754 49.0
1755 49.0
1756 49.0
1757 49.0
1758 49.0
1759 49.0
1760 49.0
1761 49.0
1762 49.0
1763 49.0
1764 49.0
1765 49.0
1766 49.0
1767 49.0
1768 49.0
1769 49.0
1770 49.0
1771 49.0
1772 49.0
1773 49.0
1774 49.0
1775 49.0
1776 49.0
1777 49.0
1778 49.0
1779 49.0
1780 49.0
1781 49.0
1782 49.0
1783 49.0
1784 49.0
1785 49.0
1786 49.0
1787 49.0
1788 49.0
1789 49.0
1790 49.0
1791 49.0
1792 49.0
1793 49.0
1794 49.0
1795 49.0
1796 49.0
1797 49.0
1798 49.0
1799 49.0
1800 49.0
1801 49.0
1802 49.0
1803 49.0
1804 49.0
1805 49.0
1806 49.0
1807 49.0
1808 49.0
1809 49.0
1810 49.0
1811 49.0
1812 49.0
1813 49.0
1814 49.0
1815 49.0
1816 49.0
1817 49.0
1818 49.0
1819 49.0
1820 49.0
1821 49.0
1822 49.0
1823 49.0
1824 49.0
1825 49.0
1826 49.0
1827 49.0
1828 49.0
1829 49.0
1830 49.0
1831 49.0
1832 49.0
1833 49.0
1834 49.0
1835 49.0
1836 49.0
1837 49.0
1838 49.0
1839 49.0
1840 49.0
1841 49.0
1842 49.0
1843 49.0
1844 49.0
1845 49.0
1846 49.0
1847 49.0
1848 49.0
1849 49.0
1850 49.0
1851 49.0
1852 49.0
1853 49.0
1854 49.0
1855 49.0
1856 49.0
1857 49.0
1858 49.0
1859 49.0
1860 49.0
1861 49.0
1862 49.0
1863 49.0
1864 49.0
1865 49.0
1866 49.0
1867 49.0
1868 49.0
1869 49.0
1870 49.0
1871 49.0
1872 49.0
1873 49.0
1874 49.0
1875 49.0
1876 49.0
1877 49.0
1878 49.0
1879 49.0
1880 49.0
1881 49.0
1882 49.0
1883 49.0
1884 49.0
1885 49.0
1886 49.0
1887 49.0
1888 49.0
1889 49.0
1890 49.0
1891 49.0
1892 49.0
1893 49.0
1894 49.0
1895 49.0
1896 49.0
1897 49.0
1898 49.0
1899 49.0
1900 49.0
1901 49.0
1902 49.0
1903 49.0
1904 49.0
1905 49.0
1906 49.0
1907 49.0
1908 49.0
1909 49.0
1910 49.0
1911 49.0
1912 49.0
1913 49.0
1914 49.0
1915 49.0
1916 49.0
1917 49.0
1918 49.0
1919 49.0
1920 49.0
1921 49.0
1922 49.0
1923 49.0
1924 49.0
1925 49.0
1926 49.0
1927 49.0
1928 49.0
1929 49.0
1930 49.0
1931 49.0
1932 49.0
1933 49.0
1934 49.0
1935 49.0
1936 49.0
1937 49.0
1938 49.0
1939 49.0
1940 49.0
1941 49.0
1942 49.0
1943 49.0
1944 49.0
1945 49.0
1946 49.0
1947 49.0
1948 49.0
1949 49.0
1950 49.0
1951 49.0
1952 49.0
1953 49.0
1954 49.0
1955 49.0
1956 49.0
1957 49.0
1958 49.0
1959 49.0
1960 49.0
1961 49.0
1962 49.0
1963 49.0
1964 49.0
1965 49.0
1966 49.0
1967 49.0
1968 49.0
1969 49.0
1970 49.0
1971 49.0
1972 49.0
1973 49.0
1974 49.0
1975 49.0
1976 49.0
1977 49.0
1978 49.0
1979 49.0
1980 49.0
1981 49.0
1982 49.0
1983 49.0
1984 49.0
1985 49.0
1986 49.0
1987 49.0
1988 49.0
1989 49.0
1990 49.0
1991 49.0
1992 49.0
1993 49.0
1994 49.0
1995 49.0
1996 49.0
1997 49.0
1998 49.0
1999 49.0
