0 25.15
1 25.15
2 25.15
3 25.15
4 25.15
5 25.15
6 25.41
7 25.41
8 25.41
9 25.41
10 25.65
11 25.65
12 25.65
13 25.81
14 25.81
15 25.81
16 25.94
17 25.94
18 26.16
19 26.28
20 26.28
21 26.41
22 26.56
23 26.56
24 26.56
25 26.56
26 26.56
27 26.56
28 26.75
29 26.75
30 26.75
31 26.98
32 27.1
33 27.1
34 27.1
35 27.1
36 27.1
37 27.1
38 27.1
39 27.1
40 27.1
41 27.1
42 27.32
43 27.32
44 27.32
45 27.32
46 27.43
47 27.43
48 27.6
49 27.81
50 27.81
51 27.89
52 27.89
53 27.89
54 27.89
55 27.89
56 27.89
57 28.01
58 28.01
59 28.16
60 28.35
61 28.35
62 28.54
63 28.54
64 28.54
65 28.54
66 28.66
67 28.66
68 28.86
69 28.86
70 28.86
71 28.86
72 28.86
73 28.86
74 28.86
75 28.86
76 28.97
77 29.09
78 29.24
79 29.24
80 29.24
81 29.24
82 29.24
83 29.32
84 29.32
85 29.32
86 29.32
87 29.55
88 29.55
89 29.55
90 29.55
91 29.55
92 29.55
93 29.65
94 29.65
95 29.88
96 29.88
97 29.88
98 30.09
99 30.09
100 30.09
101 30.09
102 30.09
103 30.09
104 30.09
105 30.09
106 30.09
107 30.09
108 30.09
109 30.09
110 30.09
111 30.09
112 30.09
113 30.09
114 30.19
115 30.19
116 30.19
117 30.19
118 30.19
119 30.19
120 30.3
121 30.3
122 30.3
123 30.4
124 30.4
125 30.4
126 30.4
127 30.4
128 30.4
129 30.4
130 30.4
131 30.4
132 30.4
133 30.53
134 30.53
135 30.53
136 30.53
137 30.64
138 30.64
139 30.64
140 30.64
141 30.64
142 30.64
143 30.64
144 30.77
145 30.77
146 30.77
147 30.77
148 30.77
149 30.77
150 30.77
151 30.77
152 30.88
153 30.88
154 30.88
155 30.88
156 30.88
157 30.88
158 30.88
159 30.88
160 30.88
161 30.88
162 31.05
163 31.05
164 31.05
165 31.05
166 31.05
167 31.17
168 31.35
169 31.35
170 31.35
171 31.35
172 31.35
173 31.35
174 31.35
175 31.56
176 31.75
177 31.75
178 31.75
179 31.75
180 31.75
181 31.75
182 31.88
183 31.88
184 32.05
185 32.2
186 32.2
187 32.2
188 32.2
189 32.2
190 32.2
191 32.2
192 32.2
193 32.2
194 32.2
195 32.2
196 32.2
197 32.39
198 32.39
199 32.39
200 32.39
201 32.39
202 32.52
203 32.52
204 32.52
205 32.52
206 32.52
207 32.52
208 32.52
209 32.52
210 32.52
211 32.52
212 32.52
213 32.67
214 32.67
215 32.67
216 32.67
217 32.67
218 32.67
219 32.67
220 32.67
221 32.67
222 32.67
223 32.67
224 32.67
225 32.67
226 32.67
227 32.74
228 32.74
229 32.74
230 32.97
231 32.97
232 32.97
233 32.97
234 32.97
235 32.97
236 32.97
237 32.97
238 32.97
239 32.97
240 32.97
241 32.97
242 32.97
243 32.97
244 32.97
245 33.13
246 33.13
247 33.36
248 33.36
249 33.36
250 33.36
251 33.36
252 33.36
253 33.57
254 33.57
255 33.65
256 33.65
257 33.65
258 33.65
259 33.78
260 33.92
261 33.92
262 33.92
263 33.92
264 33.92
265 34.07
266 34.07
267 34.2
268 34.2
269 34.2
270 34.2
271 34.2
272 34.2
273 34.2
274 34.2
275 34.34
276 34.34
277 34.34
278 34.34
279 34.34
280 34.34
281 34.5
282 34.5
283 34.5
284 34.63
285 34.85
286 34.85
287 35.02
288 35.02
289 35.02
290 35.02
291 35.02
292 35.02
293 35.12
294 35.28
295 35.28
296 35.28
297 35.28
298 35.28
299 35.28
300 35.28
301 35.28
302 35.28
303 35.45
304 35.59
305 35.59
306 35.79
307 35.79
308 35.79
309 35.79
310 35.79
311 35.91
312 35.91
313 35.91
314 35.91
315 35.91
316 36.12
317 36.12
318 36.12
319 36.12
320 36.12
321 36.12
322 36.12
323 36.12
324 36.12
325 36.25
326 36.25
327 36.41
328 36.41
329 36.41
330 36.56
331 36.56
332 36.56
333 36.67
334 36.87
335 37.03
336 37.14
337 37.14
338 37.14
339 37.14
340 37.14
341 37.14
342 37.14
343 37.14
344 37.14
345 37.14
346 37.14
347 37.14
348 37.14
349 37.3
350 37.3
351 37.3
352 37.3
353 37.3
354 37.3
355 37.3
356 37.3
357 37.3
358 37.3
359 37.3
360 37.44
361 37.44
362 37.44
363 37.62
364 37.62
365 37.62
366 37.62
367 37.62
368 37.62
369 37.62
370 37.77
371 37.77
372 37.77
373 37.89
374 37.89
375 37.89
376 37.89
377 37.89
378 37.89
379 38.07
380 38.07
381 38.07
382 38.18
383 38.18
384 38.27
385 38.27
386 38.27
387 38.27
388 38.27
389 38.27
390 38.27
391 38.27
392 38.27
393 38.43
394 38.43
395 38.54
396 38.54
397 38.67
398 38.67
399 38.78
400 38.78
401 38.78
402 38.78
403 38.78
404 38.78
405 38.78
406 38.78
407 38.89
408 38.89
409 38.89
410 38.89
411 38.89
412 38.89
413 38.89
414 38.89
415 38.89
416 38.89
417 38.89
418 38.89
419 38.89
420 39.0
421 39.0
422 39.14
423 39.14
424 39.14
425 39.14
426 39.29
427 39.29
428 39.43
429 39.53
430 39.53
431 39.53
432 39.53
433 39.65
434 39.65
435 39.65
436 39.65
437 39.65
438 39.65
439 39.65
440 39.77
441 39.77
442 39.77
443 39.9
444 39.9
445 39.9
446 40.01
447 40.01
448 40.11
449 40.17
450 40.17
451 40.25
452 40.25
453 40.25
454 40.25
455 40.25
456 40.25
457 40.25
458 40.25
459 40.25
460 40.25
461 40.25
462 40.25
463 40.34
464 40.34
465 40.34
466 40.34
467 40.34
468 40.34
469 40.34
470 40.34
471 40.34
472 40.34
473 40.46
474 40.46
475 40.46
476 40.46
477 40.56
478 40.56
479 40.56
480 40.56
481 40.56
482 40.56
483 40.56
484 40.68
485 40.68
486 40.68
487 40.68
488 40.68
489 40.68
490 40.68
491 40.81
492 40.81
493 40.81
494 40.81
495 40.92
496 40.92
497 40.92
498 41.0
499 41.0
500 41.0
501 41.0
502 41.0
503 41.11
504 41.11
505 41.11
506 41.11
507 41.21
508 41.21
509 41.31
510 41.31
511 41.31
512 41.31
513 41.31
514 41.31
515 41.31
516 41.42
517 41.42
518 41.42
519 41.42
520 41.42
521 41.53
522 41.53
523 41.65
524 41.65
525 41.65
526 41.65
527 41.65
528 41.74
529 41.83
530 41.83
531 41.83
532 41.83
533 41.83
534 41.87
535 41.95
536 41.95
537 41.95
538 41.95
539 41.95
540 41.95
541 41.95
542 41.95
543 42.01
544 42.01
545 42.01
546 42.01
547 42.01
548 42.01
549 42.01
550 42.08
551 42.08
552 42.08
553 42.18
554 42.18
555 42.18
556 42.18
557 42.18
558 42.18
559 42.18
560 42.18
561 42.18
562 42.18
563 42.18
564 42.18
565 42.18
566 42.18
567 42.18
568 42.23
569 42.35
570 42.35
571 42.35
572 42.35
573 42.35
574 42.35
575 42.35
576 42.45
577 42.45
578 42.45
579 42.45
580 42.45
581 42.45
582 42.45
583 42.45
584 42.45
585 42.45
586 42.45
587 42.45
588 42.45
589 42.45
590 42.45
591 42.45
592 42.45
593 42.45
594 42.45
595 42.45
596 42.45
597 42.45
598 42.54
599 42.54
600 42.54
601 42.54
602 42.65
603 42.65
604 42.65
605 42.65
606 42.65
607 42.74
608 42.74
609 42.88
610 42.88
611 42.88
612 42.88
613 42.97
614 42.97
615 42.97
616 42.97
617 42.97
618 42.97
619 42.97
620 42.97
621 42.97
622 42.97
623 42.97
624 42.97
625 43.08
626 43.08
627 43.08
628 43.08
629 43.08
630 43.08
631 43.08
632 43.08
633 43.08
634 43.08
635 43.08
636 43.08
637 43.08
638 43.08
639 43.16
640 43.16
641 43.16
642 43.16
643 43.16
644 43.16
645 43.16
646 43.16
647 43.16
648 43.16
649 43.16
650 43.16
651 43.16
652 43.16
653 43.16
654 43.16
655 43.22
656 43.22
657 43.22
658 43.22
659 43.22
660 43.22
661 43.22
662 43.3
663 43.3
664 43.3
665 43.3
666 43.3
667 43.3
668 43.3
669 43.38
670 43.38
671 43.38
672 43.38
673 43.38
674 43.38
675 43.38
676 43.38
677 43.46
678 43.56
679 43.56
680 43.56
681 43.56
682 43.56
683 43.56
684 43.56
685 43.56
686 43.56
687 43.56
688 43.56
689 43.56
690 43.56
691 43.65
692 43.76
693 43.76
694 43.82
695 43.82
696 43.82
697 43.91
698 43.91
699 43.91
700 43.91
701 43.91
702 43.91
703 43.91
704 43.91
705 43.91
706 43.91
707 43.91
708 43.91
709 43.91
710 43.91
711 43.91
712 43.91
713 43.91
714 43.99
715 43.99
716 43.99
717 43.99
718 43.99
719 44.09
720 44.09
721 44.09
722 44.16
723 44.16
724 44.16
725 44.24
726 44.24
727 44.24
728 44.24
729 44.24
730 44.24
731 44.29
732 44.29
733 44.29
734 44.29
735 44.29
736 44.29
737 44.29
738 44.29
739 44.29
740 44.29
741 44.37
742 44.37
743 44.47
744 44.47
745 44.47
746 44.47
747 44.47
748 44.47
749 44.47
750 44.47
751 44.56
752 44.56
753 44.61
754 44.61
755 44.71
756 44.71
757 44.71
758 44.71
759 44.71
760 44.71
761 44.71
762 44.71
763 44.71
764 44.81
765 44.81
766 44.81
767 44.91
768 44.91
769 44.91
770 44.91
771 44.91
772 44.91
773 44.91
774 44.91
775 44.91
776 44.91
777 44.91
778 44.91
779 44.91
780 44.91
781 44.91
782 44.91
783 45.01
784 45.01
785 45.01
786 45.01
787 45.01
788 45.05
789 45.05
790 45.05
791 45.13
792 45.13
793 45.13
794 45.13
795 45.13
796 45.13
797 45.13
798 45.22
799 45.22
800 45.22
801 45.29
802 45.29
803 45.29
804 45.29
805 45.29
806 45.29
807 45.29
808 45.29
809 45.36
810 45.36
811 45.42
812 45.42
813 45.42
814 45.42
815 45.42
816 45.42
817 45.42
818 45.46
819 45.46
820 45.46
821 45.46
822 45.46
823 45.46
824 45.46
825 45.46
826 45.46
827 45.46
828 45.46
829 45.46
830 45.46
831 45.46
832 45.55
833 45.63
834 45.63
835 45.63
836 45.63
837 45.63
838 45.69
839 45.69
840 45.69
841 45.76
842 45.76
843 45.76
844 45.83
845 45.83
846 45.9
847 45.9
848 45.96
849 45.96
850 45.96
851 45.96
852 45.96
853 45.96
854 45.96
855 45.96
856 45.96
857 45.96
858 45.96
859 46.03
860 46.03
861 46.03
862 46.09
863 46.09
864 46.09
865 46.09
866 46.09
867 46.09
868 46.09
869 46.09
870 46.09
871 46.09
872 46.09
873 46.12
874 46.12
875 46.12
876 46.12
877 46.12
878 46.12
879 46.2
880 46.2
881 46.2
882 46.2
883 46.2
884 46.26
885 46.33
886 46.33
887 46.33
888 46.33
889 46.33
890 46.4
891 46.4
892 46.4
893 46.46
894 46.46
895 46.46
896 46.46
897 46.46
898 46.46
899 46.46
900 46.46
901 46.5
902 46.5
903 46.5
904 46.5
905 46.5
906 46.5
907 46.5
908 46.5
909 46.5
910 46.5
911 46.5
912 46.5
913 46.55
914 46.55
915 46.55
916 46.55
917 46.55
918 46.55
919 46.6
920 46.64
921 46.69
922 46.69
923 46.69
924 46.74
925 46.74
926 46.79
927 46.79
928 46.79
929 46.79
930 46.79
931 46.79
932 46.79
933 46.79
934 46.82
935 46.82
936 46.85
937 46.91
938 46.91
939 46.91
940 46.95
941 46.95
942 46.95
943 47.01
944 47.01
945 47.01
946 47.01
947 47.01
948 47.01
949 47.07
950 47.07
951 47.07
952 47.07
953 47.07
954 47.07
955 47.07
956 47.07
957 47.07
958 47.07
959 47.07
960 47.1
961 47.1
962 47.1
963 47.1
964 47.1
965 47.1
966 47.1
967 47.14
968 47.14
969 47.14
970 47.14
971 47.14
972 47.18
973 47.18
974 47.18
975 47.18
976 47.18
977 47.18
978 47.18
979 47.21
980 47.21
981 47.21
982 47.21
983 47.21
984 47.21
985 47.21
986 47.21
987 47.21
988 47.21
989 47.21
990 47.25
991 47.25
992 47.31
993 47.31
994 47.31
995 47.36
996 47.36
997 47.36
998 47.36
999 47.36
1000 47.41
1001 47.41
1002 47.41
1003 47.41
1004 47.41
1005 47.41
1006 47.41
1007 47.41
1008 47.41
1009 47.41
1010 47.41
1011 47.41
1012 47.41
1013 47.41
1014 47.44
1015 47.44
1016 47.48
1017 47.48
1018 47.48
1019 47.48
1020 47.48
1021 47.48
1022 47.48
1023 47.48
1024 47.5
1025 47.5
1026 47.5
1027 47.5
1028 47.5
1029 47.5
1030 47.5
1031 47.5
1032 47.5
1033 47.5
1034 47.5
1035 47.5
1036 47.5
1037 47.5
1038 47.5
1039 47.5
1040 47.5
1041 47.5
1042 47.5
1043 47.5
1044 47.5
1045 47.5
1046 47.5
1047 47.5
1048 47.5
1049 47.5
1050 47.5
1051 47.51
1052 47.51
1053 47.51
1054 47.51
1055 47.51
1056 47.54
1057 47.54
1058 47.54
1059 47.56
1060 47.56
1061 47.56
1062 47.56
1063 47.56
1064 47.56
1065 47.56
1066 47.56
1067 47.56
1068 47.56
1069 47.56
1070 47.56
1071 47.56
1072 47.58
1073 47.58
1074 47.58
1075 47.58
1076 47.59
1077 47.63
1078 47.63
1079 47.65
1080 47.69
1081 47.69
1082 47.69
1083 47.69
1084 47.69
1085 47.69
1086 47.69
1087 47.69
1088 47.69
1089 47.72
1090 47.72
1091 47.72
1092 47.72
1093 47.77
1094 47.77
1095 47.77
1096 47.77
1097 47.77
1098 47.77
1099 47.77
1100 47.77
1101 47.77
1102 47.77
1103 47.77
1104 47.77
1105 47.77
1106 47.77
1107 47.77
1108 47.77
1109 47.77
1110 47.77
1111 47.77
1112 47.81
1113 47.85
1114 47.85
1115 47.85
1116 47.85
1117 47.85
1118 47.85
1119 47.89
1120 47.89
1121 47.89
1122 47.89
1123 47.89
1124 47.89
1125 47.89
1126 47.89
1127 47.89
1128 47.89
1129 47.89
1130 47.89
1131 47.89
1132 47.93
1133 47.93
1134 47.93
1135 47.93
1136 47.93
1137 47.93
1138 47.93
1139 47.93
1140 47.93
1141 47.93
1142 47.93
1143 47.93
1144 47.93
1145 47.93
1146 47.93
1147 47.93
1148 47.93
1149 47.93
1150 47.93
1151 47.96
1152 47.96
1153 47.96
1154 47.96
1155 47.96
1156 47.96
1157 47.98
1158 47.98
1159 47.98
1160 47.98
1161 47.98
1162 47.98
1163 48.01
1164 48.01
1165 48.01
1166 48.01
1167 48.01
1168 48.01
1169 48.01
1170 48.01
1171 48.01
1172 48.01
1173 48.05
1174 48.05
1175 48.09
1176 48.09
1177 48.09
1178 48.09
1179 48.09
1180 48.09
1181 48.09
1182 48.09
1183 48.09
1184 48.09
1185 48.13
1186 48.13
1187 48.13
1188 48.13
1189 48.17
1190 48.17
1191 48.21
1192 48.21
1193 48.25
1194 48.25
1195 48.25
1196 48.25
1197 48.25
1198 48.25
1199 48.25
1200 48.25
1201 48.25
1202 48.29
1203 48.29
1204 48.29
1205 48.29
1206 48.29
1207 48.29
1208 48.29
1209 48.29
1210 48.29
1211 48.29
1212 48.33
1213 48.33
1214 48.33
1215 48.37
1216 48.41
1217 48.41
1218 48.41
1219 48.41
1220 48.41
1221 48.41
1222 48.41
1223 48.41
1224 48.45
1225 48.45
1226 48.45
1227 48.45
1228 48.49
1229 48.49
1230 48.49
1231 48.49
1232 48.49
1233 48.49
1234 48.49
1235 48.49
1236 48.49
1237 48.49
1238 48.52
1239 48.52
1240 48.52
1241 48.52
1242 48.52
1243 48.52
1244 48.52
1245 48.52
1246 48.52
1247 48.52
1248 48.52
1249 48.52
1250 48.52
1251 48.54
1252 48.54
1253 48.56
1254 48.56
1255 48.56
1256 48.56
1257 48.56
1258 48.56
1259 48.56
1260 48.56
1261 48.56
1262 48.56
1263 48.56
1264 48.56
1265 48.56
1266 48.56
1267 48.56
1268 48.56
1269 48.56
1270 48.56
1271 48.56
1272 48.56
1273 48.56
1274 48.56
1275 48.56
1276 48.56
1277 48.59
1278 48.59
1279 48.61
1280 48.63
1281 48.65
1282 48.65
1283 48.67
1284 48.67
1285 48.69
1286 48.69
1287 48.71
1288 48.71
1289 48.73
1290 48.73
1291 48.73
1292 48.75
1293 48.75
1294 48.75
1295 48.75
1296 48.75
1297 48.75
1298 48.77
1299 48.77
1300 48.77
1301 48.77
1302 48.77
1303 48.77
1304 48.77
1305 48.79
1306 48.81
1307 48.81
1308 48.81
1309 48.81
1310 48.83
1311 48.83
1312 48.83
1313 48.85
1314 48.85
1315 48.85
1316 48.85
1317 48.85
1318 48.85
1319 48.87
1320 48.87
1321 48.89
1322 48.89
1323 48.89
1324 48.89
1325 48.89
1326 48.89
1327 48.89
1328 48.89
1329 48.89
1330 48.89
1331 48.91
1332 48.91
1333 48.91
1334 48.91
1335 48.91
1336 48.91
1337 48.91
1338 48.91
1339 48.91
1340 48.93
1341 48.93
1342 48.95
1343 48.97
1344 48.97
1345 48.99
1346 48.99
1347 48.99
1348 48.99
1349 48.99
1350 48.99
1351 48.99
1352 48.99
1353 49.02
1354 49.02
1355 49.02
1356 49.02
1357 49.02
1358 49.02
1359 49.02
1360 49.02
1361 49.02
1362 49.02
1363 49.02
1364 49.03
1365 49.03
1366 49.03
1367 49.03
1368 49.03
1369 49.03
1370 49.03
1371 49.03
1372 49.03
1373 49.03
1374 49.03
1375 49.03
1376 49.03
1377 49.05
1378 49.05
1379 49.05
1380 49.05
1381 49.05
1382 49.05
1383 49.05
1384 49.05
1385 49.05
1386 49.05
1387 49.05
1388 49.05
1389 49.05
1390 49.05
1391 49.05
1392 49.05
1393 49.05
1394 49.05
1395 49.05
1396 49.05
1397 49.05
1398 49.05
1399 49.05
1400 49.05
1401 49.05
1402 49.05
1403 49.05
1404 49.07
1405 49.07
1406 49.07
1407 49.07
1408 49.07
1409 49.07
1410 49.09
1411 49.09
1412 49.09
1413 49.09
1414 49.09
1415 49.09
1416 49.09
1417 49.09
1418 49.09
1419 49.09
1420 49.09
1421 49.11
1422 49.11
1423 49.11
1424 49.11
1425 49.11
1426 49.11
1427 49.11
1428 49.11
1429 49.11
1430 49.11
1431 49.11
1432 49.11
1433 49.11
1434 49.11
1435 49.11
1436 49.11
1437 49.11
1438 49.11
1439 49.11
1440 49.11
1441 49.11
1442 49.11
1443 49.11
1444 49.12
1445 49.12
1446 49.12
1447 49.12
1448 49.12
1449 49.13
1450 49.13
1451 49.13
1452 49.13
1453 49.13
1454 49.13
1455 49.13
1456 49.13
1457 49.13
1458 49.13
1459 49.13
1460 49.13
1461 49.15
1462 49.17
1463 49.17
1464 49.17
1465 49.17
1466 49.17
1467 49.17
1468 49.17
1469 49.17
1470 49.17
1471 49.17
1472 49.17
1473 49.17
1474 49.17
1475 49.17
1476 49.17
1477 49.17
1478 49.17
1479 49.17
1480 49.17
1481 49.18
1482 49.18
1483 49.18
1484 49.18
1485 49.2
1486 49.2
1487 49.22
1488 49.24
1489 49.24
1490 49.24
1491 49.25
1492 49.25
1493 49.25
1494 49.25
1495 49.25
1496 49.25
1497 49.25
1498 49.25
1499 49.25
1500 49.25
1501 49.25
1502 49.25
1503 49.25
1504 49.25
1505 49.25
1506 49.25
1507 49.25
1508 49.27
1509 49.29
1510 49.29
1511 49.29
1512 49.29
1513 49.29
1514 49.29
1515 49.31
1516 49.33
1517 49.33
1518 49.33
1519 49.33
1520 49.33
1521 49.33
1522 49.33
1523 49.33
1524 49.33
1525 49.33
1526 49.33
1527 49.33
1528 49.35
1529 49.37
1530 49.39
1531 49.4
1532 49.42
1533 49.42
1534 49.42
1535 49.42
1536 49.44
1537 49.44
1538 49.44
1539 49.44
1540 49.46
1541 49.46
1542 49.46
1543 49.46
1544 49.48
1545 49.48
1546 49.5
1547 49.5
1548 49.5
1549 49.5
1550 49.5
1551 49.5
1552 49.5
1553 49.5
1554 49.5
1555 49.5
1556 49.5
1557 49.52
1558 49.54
1559 49.54
1560 49.54
1561 49.56
1562 49.56
1563 49.58
1564 49.58
1565 49.58
1566 49.6
1567 49.6
1568 49.6
1569 49.6
1570 49.6
1571 49.6
1572 49.6
1573 49.6
1574 49.62
1575 49.62
1576 49.62
1577 49.62
1578 49.62
1579 49.62
1580 49.62
1581 49.62
1582 49.64
1583 49.64
1584 49.64
1585 49.64
1586 49.64
1587 49.66
1588 49.68
1589 49.68
1590 49.7
1591 49.7
1592 49.7
1593 49.7
1594 49.7
1595 49.7
1596 49.72
1597 49.72
1598 49.72
1599 49.72
1600 49.72
1601 49.74
1602 49.74
1603 49.74
1604 49.74
1605 49.74
1606 49.74
1607 49.74
1608 49.74
1609 49.76
1610 49.78
1611 49.78
1612 49.78
1613 49.78
1614 49.78
1615 49.8
1616 49.8
1617 49.8
1618 49.8
1619 49.8
1620 49.8
1621 49.8
1622 49.8
1623 49.8
1624 49.8
1625 49.8
1626 49.8
1627 49.82
1628 49.84
1629 49.84
1630 49.84
1631 49.86
1632 49.86
1633 49.86
1634 49.86
1635 49.86
1636 49.88
1637 49.88
1638 49.88
1639 49.88
1640 49.88
1641 49.88
1642 49.88
1643 49.88
1644 49.88
1645 49.88
1646 49.88
1647 49.88
1648 49.88
1649 49.88
1650 49.88
1651 49.88
1652 49.88
1653 49.88
1654 49.88
1655 49.88
1656 49.9
1657 49.9
1658 49.9
1659 49.9
1660 49.9
1661 49.9
1662 49.9
1663 49.92
1664 49.92
1665 49.92
1666 49.92
1667 49.92
1668 49.92
1669 49.92
1670 49.92
1671 49.94
1672 49.96
1673 49.96
1674 49.96
1675 49.98
1676 49.98
1677 49.98
1678 49.98
1679 49.98
1680 49.98
1681 49.98
1682 49.98
1683 49.98
1684 49.98
1685 49.98
1686 50.0
1687 50.0
1688 50.0
1689 50.0
1690 50.0
1691 50.0
1692 50.0
1693 50.0
1694 50.0
1695 50.0
1696 50.0
1697 50.0
1698 50.0
1699 50.0
1700 50.0
1701 50.0
1702 50.0
1703 50.0
1704 50.0
1705 50.0
1706 50.0
1707 50.0
1708 50.0
1709 50.0
1710 50.0
1711 50.0
1712 50.0
1713 50.0
1714 50.0
1715 50.0
1716 50.0
1717 50.0
1718 50.0
1719 50.0
1720 50.0
1721 50.0
1722 50.0
1723 50.0
1724 50.0
1725 50.0
1726 50.0
1727 50.0
1728 50.0
1729 50.0
1730 50.0
1731 50.0
1732 50.0
1733 50.0
1734 50.0
1735 50.0
1736 50.0
1737 50.0
1738 50.0
1739 50.0
1740 50.0
1741 50.0
1742 50.0
1743 50.0
1744 50.0
1745 50.0
1746 50.0
1747 50.0
1748 50.0
1749 50.0
1750 50.0
1751 50.0
1752 50.0
1753 50.0
1754 50.0
1755 50.0
1756 50.0
1757 50.0
1758 50.0
1759 50.0
1760 50.0
1761 50.0
1762 50.0
1763 50.0
1764 50.0
1765 50.0
1766 50.0
1767 50.0
1768 50.0
1769 50.0
1770 50.0
1771 50.0
1772 50.0
1773 50.0
1774 50.0
1775 50.0
1776 50.0
1777 50.0
1778 50.0
1779 50.0
1780 50.0
1781 50.0
1782 50.0
1783 50.0
1784 50.0
1785 50.0
1786 50.0
1787 50.0
1788 50.0
1789 50.0
1790 50.0
1791 50.0
1792 50.0
1793 50.0
1794 50.0
1795 50.0
1796 50.0
1797 50.0
1798 50.0
1799 50.0
1800 50.0
1801 50.0
1802 50.0
1803 50.0
1804 50.0
1805 50.0
1806 50.0
1807 50.0
1808 50.0
1809 50.0
1810 50.0
1811 50.0
1812 50.0
1813 50.0
1814 50.0
1815 50.0
1816 50.0
1817 50.0
1818 50.0
1819 50.0
1820 50.0
1821 50.0
1822 50.0
1823 50.0
1824 50.0
1825 50.0
1826 50.0
1827 50.0
1828 50.0
1829 50.0
1830 50.0
1831 50.0
1832 50.0
1833 50.0
1834 50.0
1835 50.0
1836 50.0
1837 50.0
1838 50.0
1839 50.0
1840 50.0
1841 50.0
1842 50.0
1843 50.0
1844 50.0
1845 50.0
1846 50.0
1847 50.0
1848 50.0
1849 50.0
1850 50.0
1851 50.0
1852 50.0
1853 50.0
1854 50.0
1855 50.0
1856 50.0
1857 50.0
1858 50.0
1859 50.0
1860 50.0
1861 50.0
1862 50.0
1863 50.0
1864 50.0
1865 50.0
1866 50.0
1867 50.0
1868 50.0
1869 50.0
1870 50.0
1871 50.0
1872 50.0
1873 50.0
1874 50.0
1875 50.0
1876 50.0
1877 50.0
1878 50.0
1879 50.0
1880 50.0
1881 50.0
1882 50.0
1883 50.0
1884 50.0
1885 50.0
1886 50.0
1887 50.0
1888 50.0
1889 50.0
1890 50.0
1891 50.0
1892 50.0
1893 50.0
1894 50.0
1895 50.0
1896 50.0
1897 50.0
1898 50.0
1899 50.0
1900 50.0
1901 50.0
1902 50.0
1903 50.0
1904 50.0
1905 50.0
1906 50.0
1907 50.0
1908 50.0
1909 50.0
1910 50.0
1911 50.0
1912 50.0
1913 50.0
1914 50.0
1915 50.0
1916 50.0
1917 50.0
1918 50.0
1919 50.0
1920 50.0
1921 50.0
1922 50.0
1923 50.0
1924 50.0
1925 50.0
1926 50.0
1927 50.0
1928 50.0
1929 50.0
1930 50.0
1931 50.0
1932 50.0
1933 50.0
1934 50.0
1935 50.0
1936 50.0
1937 50.0
1938 50.0
1939 50.0
1940 50.0
1941 50.0
1942 50.0
1943 50.0
1944 50.0
1945 50.0
1946 50.0
1947 50.0
1948 50.0
1949 50.0
1950 50.0
1951 50.0
1952 50.0
1953 50.0
1954 50.0
1955 50.0
1956 50.0
1957 50.0
1958 50.0
1959 50.0
1960 50.0
1961 50.0
1962 50.0
1963 50.0
1964 50.0
1965 50.0
1966 50.0
1967 50.0
1968 50.0
1969 50.0
1970 50.0
1971 50.0
1972 50.0
1973 50.0
1974 50.0
1975 50.0
1976 50.0
1977 50.0
1978 50.0
1979 50.0
1980 50.0
1981 50.0
1982 50.0
1983 50.0
1984 50.0
1985 50.0
1986 50.0
1987 50.0
1988 50.0
1989 50.0
1990 50.0
1991 50.0
1992 50.0
1993 50.0
1994 50.0
1995 50.0
1996 50.0
1997 50.0
1998 50.0
1999 50.0
